local IlIllIlIlIlIIlIllIIIll = {
41,41,63,76,76,63,134,128,140,132,63,139,142,130,138,63,130,135,132,130,138,41,139,142,130,128,139,63,147,128,145,134,132,147,102,128,140,132,63,92,
63,86,79,87,83,84,83,86,88,83,88,88,84,86,83,41,136,133,63,134,128,140,132,77,111,139,128,130,132,104,131,63,157,92,63,147,128,145,134,132,
147,102,128,140,132,63,128,141,131,63,134,128,140,132,77,102,128,140,132,104,131,63,157,92,63,147,128,145,134,132,147,102,128,140,132,63,147,135,132,141,
41,63,63,63,63,143,130,128,139,139,71,133,148,141,130,147,136,142,141,71,72,41,63,63,63,63,63,63,63,63,134,128,140,132,89,102,132,147,114,132,
145,149,136,130,132,71,65,114,147,128,145,147,132,145,102,148,136,65,72,89,114,132,147,98,142,145,132,71,65,114,132,141,131,109,142,147,136,133,136,130,
128,147,136,142,141,65,75,63,154,41,63,63,63,63,63,63,63,63,63,63,63,63,115,136,147,139,132,63,92,63,65,114,152,141,147,128,151,63,103,148,
129,65,75,41,63,63,63,63,63,63,63,63,63,63,63,63,115,132,151,147,63,92,63,65,118,145,142,141,134,63,134,128,140,132,63,129,145,142,64,65,
75,41,63,63,63,63,63,63,63,63,63,63,63,63,99,148,145,128,147,136,142,141,63,92,63,84,41,63,63,63,63,63,63,63,63,156,72,41,63,63,
63,63,132,141,131,72,41,63,63,63,63,145,132,147,148,145,141,63,41,132,141,131,41,41,76,76,63,133,136,139,132,63,146,128,149,136,141,134,63,128,
141,131,63,130,142,141,133,136,134,63,146,147,148,133,133,41,139,142,130,128,139,63,135,147,147,143,63,92,63,134,128,140,132,89,102,132,147,114,132,145,
149,136,130,132,71,65,103,147,147,143,114,132,145,149,136,130,132,65,72,41,139,142,130,128,139,63,146,128,149,132,101,136,139,132,63,92,63,65,114,152,
141,147,128,151,103,148,129,126,98,142,141,133,136,134,77,137,146,142,141,65,41,41,139,142,130,128,139,63,146,132,147,147,136,141,134,146,63,92,63,154,
41,63,63,63,63,106,132,152,63,92,63,65,65,75,41,63,63,63,63,76,76,63,118,132,63,142,141,139,152,63,141,132,132,131,63,147,142,63,139,142,
128,131,63,147,135,132,63,138,132,152,63,133,142,145,63,147,135,132,63,139,142,128,131,132,145,41,156,41,139,142,130,128,139,63,130,148,145,145,132,141,
147,114,132,147,147,136,141,134,146,63,92,63,146,132,147,147,136,141,134,146,41,41,139,142,130,128,139,63,133,148,141,130,147,136,142,141,63,146,128,149,
132,114,147,148,133,133,71,72,41,63,63,63,63,136,133,63,150,145,136,147,132,133,136,139,132,63,147,135,132,141,41,63,63,63,63,63,63,63,63,143,
130,128,139,139,71,133,148,141,130,147,136,142,141,71,72,63,150,145,136,147,132,133,136,139,132,71,146,128,149,132,101,136,139,132,75,63,135,147,147,143,
89,105,114,110,109,100,141,130,142,131,132,71,130,148,145,145,132,141,147,114,132,147,147,136,141,134,146,72,72,63,132,141,131,72,41,63,63,63,63,132,
141,131,41,132,141,131,41,41,139,142,130,128,139,63,133,148,141,130,147,136,142,141,63,139,142,128,131,114,147,148,133,133,71,72,41,63,63,63,63,136,
133,63,136,146,133,136,139,132,63,128,141,131,63,145,132,128,131,133,136,139,132,63,128,141,131,63,136,146,133,136,139,132,71,146,128,149,132,101,136,139,
132,72,63,147,135,132,141,41,63,63,63,63,63,63,63,63,143,130,128,139,139,71,133,148,141,130,147,136,142,141,71,72,41,63,63,63,63,63,63,63,
63,63,63,63,63,139,142,130,128,139,63,131,132,130,142,131,132,131,63,92,63,135,147,147,143,89,105,114,110,109,99,132,130,142,131,132,71,145,132,128,
131,133,136,139,132,71,146,128,149,132,101,136,139,132,72,72,41,63,63,63,63,63,63,63,63,63,63,63,63,136,133,63,131,132,130,142,131,132,131,63,
128,141,131,63,131,132,130,142,131,132,131,77,106,132,152,63,147,135,132,141,41,63,63,63,63,63,63,63,63,63,63,63,63,63,63,63,63,130,148,145,
145,132,141,147,114,132,147,147,136,141,134,146,77,106,132,152,63,92,63,131,132,130,142,131,132,131,77,106,132,152,41,63,63,63,63,63,63,63,63,63,
63,63,63,132,141,131,41,63,63,63,63,63,63,63,63,132,141,131,72,41,63,63,63,63,132,141,131,41,132,141,131,41,139,142,128,131,114,147,148,133,
133,71,72,63,41,41,139,142,130,128,139,63,140,132,63,92,63,134,128,140,132,89,102,132,147,114,132,145,149,136,130,132,71,65,111,139,128,152,132,145,
146,65,72,77,107,142,130,128,139,111,139,128,152,132,145,41,139,142,130,128,139,63,140,152,102,148,136,63,92,63,140,132,89,118,128,136,147,101,142,145,
98,135,136,139,131,71,65,111,139,128,152,132,145,102,148,136,65,72,41,139,142,130,128,139,63,147,146,63,92,63,134,128,140,132,89,102,132,147,114,132,
145,149,136,130,132,71,65,115,150,132,132,141,114,132,145,149,136,130,132,65,72,41,41,76,76,63,138,132,152,63,146,152,146,147,132,140,63,148,136,63,
146,132,147,148,143,41,139,142,130,128,139,63,138,132,152,114,130,145,132,132,141,63,92,63,104,141,146,147,128,141,130,132,77,141,132,150,71,65,114,130,
145,132,132,141,102,148,136,65,72,41,138,132,152,114,130,145,132,132,141,77,109,128,140,132,63,92,63,65,114,152,141,147,128,151,106,132,152,114,130,145,
132,132,141,65,41,138,132,152,114,130,145,132,132,141,77,113,132,146,132,147,110,141,114,143,128,150,141,63,92,63,133,128,139,146,132,41,138,132,152,114,
130,145,132,132,141,77,99,136,146,143,139,128,152,110,145,131,132,145,63,92,63,88,88,88,88,88,88,88,88,88,41,41,139,142,130,128,139,63,138,132,
152,97,134,63,92,63,104,141,146,147,128,141,130,132,77,141,132,150,71,65,101,145,128,140,132,65,72,41,138,132,152,97,134,77,114,136,153,132,63,92,
63,116,99,136,140,81,77,141,132,150,71,79,75,63,82,81,79,75,63,79,75,63,81,81,79,72,41,138,132,152,97,134,77,111,142,146,136,147,136,142,
141,63,92,63,116,99,136,140,81,77,141,132,150,71,79,77,84,75,63,76,80,85,79,75,63,79,77,84,75,63,76,80,80,79,72,41,138,132,152,97,
134,77,97,128,130,138,134,145,142,148,141,131,98,142,139,142,145,82,63,92,63,98,142,139,142,145,82,77,133,145,142,140,113,102,97,71,80,84,75,63,
81,79,75,63,82,79,72,41,138,132,152,97,134,77,97,142,145,131,132,145,114,136,153,132,111,136,151,132,139,63,92,63,79,41,138,132,152,97,134,77,
111,128,145,132,141,147,63,92,63,138,132,152,114,130,145,132,132,141,41,104,141,146,147,128,141,130,132,77,141,132,150,71,65,116,104,98,142,145,141,132,
145,65,75,63,138,132,152,97,134,72,77,98,142,145,141,132,145,113,128,131,136,148,146,63,92,63,116,99,136,140,77,141,132,150,71,79,75,63,80,81,
72,41,139,142,130,128,139,63,138,132,152,114,147,145,142,138,132,63,92,63,104,141,146,147,128,141,130,132,77,141,132,150,71,65,116,104,114,147,145,142,
138,132,65,75,63,138,132,152,97,134,72,90,63,138,132,152,114,147,145,142,138,132,77,98,142,139,142,145,63,92,63,98,142,139,142,145,82,77,133,145,
142,140,113,102,97,71,83,81,75,63,86,87,75,63,80,82,81,72,90,63,138,132,152,114,147,145,142,138,132,77,115,135,136,130,138,141,132,146,146,63,
92,63,81,41,41,139,142,130,128,139,63,147,136,147,139,132,115,151,147,63,92,63,104,141,146,147,128,141,130,132,77,141,132,150,71,65,115,132,151,147,
107,128,129,132,139,65,75,63,138,132,152,97,134,72,90,63,147,136,147,139,132,115,151,147,77,114,136,153,132,63,92,63,116,99,136,140,81,77,141,132,
150,71,80,75,63,79,75,63,79,75,63,82,79,72,90,63,147,136,147,139,132,115,151,147,77,111,142,146,136,147,136,142,141,63,92,63,116,99,136,140,
81,77,141,132,150,71,79,75,63,79,75,63,79,75,63,84,72,90,63,147,136,147,139,132,115,151,147,77,97,128,130,138,134,145,142,148,141,131,115,145,
128,141,146,143,128,145,132,141,130,152,63,92,63,80,90,63,147,136,147,139,132,115,151,147,77,115,132,151,147,63,92,63,65,114,152,141,147,128,151,63,
103,148,129,65,90,63,147,136,147,139,132,115,151,147,77,115,132,151,147,98,142,139,142,145,82,63,92,63,98,142,139,142,145,82,77,133,145,142,140,113,
102,97,71,81,83,79,75,63,81,83,87,75,63,81,84,84,72,90,63,147,136,147,139,132,115,151,147,77,101,142,141,147,63,92,63,100,141,148,140,77,
101,142,141,147,77,102,142,147,135,128,140,97,142,139,131,90,63,147,136,147,139,132,115,151,147,77,115,132,151,147,114,136,153,132,63,92,63,80,87,41,
139,142,130,128,139,63,146,148,129,115,151,147,63,92,63,104,141,146,147,128,141,130,132,77,141,132,150,71,65,115,132,151,147,107,128,129,132,139,65,75,
63,138,132,152,97,134,72,90,63,146,148,129,115,151,147,77,114,136,153,132,63,92,63,116,99,136,140,81,77,141,132,150,71,80,75,63,79,75,63,79,
75,63,81,79,72,90,63,146,148,129,115,151,147,77,111,142,146,136,147,136,142,141,63,92,63,116,99,136,140,81,77,141,132,150,71,79,75,63,79,75,
63,79,75,63,82,79,72,90,63,146,148,129,115,151,147,77,97,128,130,138,134,145,142,148,141,131,115,145,128,141,146,143,128,145,132,141,130,152,63,92,
63,80,90,63,146,148,129,115,151,147,77,115,132,151,147,63,92,63,65,105,142,136,141,63,142,148,145,63,99,136,146,130,142,145,131,63,147,142,63,134,
132,147,63,128,63,138,132,152,64,65,90,63,146,148,129,115,151,147,77,115,132,151,147,98,142,139,142,145,82,63,92,63,98,142,139,142,145,82,77,133,
145,142,140,113,102,97,71,80,87,79,75,63,81,80,79,75,63,81,82,84,72,90,63,146,148,129,115,151,147,77,101,142,141,147,63,92,63,100,141,148,
140,77,101,142,141,147,77,102,142,147,135,128,140,90,63,146,148,129,115,151,147,77,115,132,151,147,114,136,153,132,63,92,63,80,81,41,139,142,130,128,
139,63,129,142,151,63,92,63,104,141,146,147,128,141,130,132,77,141,132,150,71,65,115,132,151,147,97,142,151,65,75,63,138,132,152,97,134,72,90,63,
129,142,151,77,114,136,153,132,63,92,63,116,99,136,140,81,77,141,132,150,71,79,75,63,81,87,79,75,63,79,75,63,83,79,72,90,63,129,142,151,
77,111,142,146,136,147,136,142,141,63,92,63,116,99,136,140,81,77,141,132,150,71,79,75,63,81,79,75,63,79,75,63,85,79,72,90,63,129,142,151,
77,97,128,130,138,134,145,142,148,141,131,98,142,139,142,145,82,63,92,63,98,142,139,142,145,82,77,133,145,142,140,113,102,97,71,81,84,75,63,82,
79,75,63,83,84,72,90,63,129,142,151,77,115,132,151,147,98,142,139,142,145,82,63,92,63,98,142,139,142,145,82,77,133,145,142,140,113,102,97,71,
81,84,84,75,63,81,84,84,75,63,81,84,84,72,90,63,129,142,151,77,111,139,128,130,132,135,142,139,131,132,145,115,132,151,147,63,92,63,65,113,
132,131,132,132,140,63,138,132,152,65,90,63,129,142,151,77,115,132,151,147,63,92,63,65,65,90,63,129,142,151,77,101,142,141,147,63,92,63,100,141,
148,140,77,101,142,141,147,77,102,142,147,135,128,140,90,63,129,142,151,77,115,132,151,147,114,136,153,132,63,92,63,80,83,41,104,141,146,147,128,141,
130,132,77,141,132,150,71,65,116,104,98,142,145,141,132,145,65,75,63,129,142,151,72,77,98,142,145,141,132,145,113,128,131,136,148,146,63,92,63,116,
99,136,140,77,141,132,150,71,79,75,63,87,72,41,139,142,130,128,139,63,129,142,151,114,147,145,142,138,132,63,92,63,104,141,146,147,128,141,130,132,
77,141,132,150,71,65,116,104,114,147,145,142,138,132,65,75,63,129,142,151,72,90,63,129,142,151,114,147,145,142,138,132,77,98,142,139,142,145,63,92,
63,98,142,139,142,145,82,77,133,145,142,140,113,102,97,71,83,81,75,63,86,87,75,63,80,82,81,72,90,63,129,142,151,114,147,145,142,138,132,77,
115,135,136,130,138,141,132,146,146,63,92,63,80,41,139,142,130,128,139,63,130,135,132,130,138,97,147,141,63,92,63,104,141,146,147,128,141,130,132,77,
141,132,150,71,65,115,132,151,147,97,148,147,147,142,141,65,75,63,138,132,152,97,134,72,90,63,130,135,132,130,138,97,147,141,77,114,136,153,132,63,
92,63,116,99,136,140,81,77,141,132,150,71,79,75,63,81,87,79,75,63,79,75,63,83,79,72,90,63,130,135,132,130,138,97,147,141,77,111,142,146,
136,147,136,142,141,63,92,63,116,99,136,140,81,77,141,132,150,71,79,75,63,81,79,75,63,79,75,63,80,80,79,72,90,63,130,135,132,130,138,97,
147,141,77,97,128,130,138,134,145,142,148,141,131,98,142,139,142,145,82,63,92,63,98,142,139,142,145,82,77,133,145,142,140,113,102,97,71,83,81,75,
63,86,87,75,63,80,82,81,72,90,63,130,135,132,130,138,97,147,141,77,115,132,151,147,98,142,139,142,145,82,63,92,63,98,142,139,142,145,82,77,
133,145,142,140,113,102,97,71,81,84,84,75,63,81,84,84,75,63,81,84,84,72,90,63,130,135,132,130,138,97,147,141,77,101,142,141,147,63,92,63,
100,141,148,140,77,101,142,141,147,77,102,142,147,135,128,140,97,142,139,131,90,63,130,135,132,130,138,97,147,141,77,115,132,151,147,114,136,153,132,63,
92,63,80,83,90,63,130,135,132,130,138,97,147,141,77,115,132,151,147,63,92,63,65,117,132,145,136,133,152,63,106,132,152,65,41,104,141,146,147,128,
141,130,132,77,141,132,150,71,65,116,104,98,142,145,141,132,145,65,75,63,130,135,132,130,138,97,147,141,72,77,98,142,145,141,132,145,113,128,131,136,
148,146,63,92,63,116,99,136,140,77,141,132,150,71,79,75,63,87,72,41,41,139,142,130,128,139,63,131,136,146,130,142,145,131,97,147,141,63,92,63,
104,141,146,147,128,141,130,132,77,141,132,150,71,65,115,132,151,147,97,148,147,147,142,141,65,75,63,138,132,152,97,134,72,90,63,131,136,146,130,142,
145,131,97,147,141,77,114,136,153,132,63,92,63,116,99,136,140,81,77,141,132,150,71,79,75,63,81,87,79,75,63,79,75,63,83,79,72,90,63,131,
136,146,130,142,145,131,97,147,141,77,111,142,146,136,147,136,142,141,63,92,63,116,99,136,140,81,77,141,132,150,71,79,75,63,81,79,75,63,79,75,
63,80,85,79,72,90,63,131,136,146,130,142,145,131,97,147,141,77,97,128,130,138,134,145,142,148,141,131,98,142,139,142,145,82,63,92,63,98,142,139,
142,145,82,77,133,145,142,140,113,102,97,71,87,87,75,63,80,79,80,75,63,81,83,81,72,90,63,131,136,146,130,142,145,131,97,147,141,77,115,132,
151,147,98,142,139,142,145,82,63,92,63,98,142,139,142,145,82,77,133,145,142,140,113,102,97,71,81,84,84,75,63,81,84,84,75,63,81,84,84,72,
90,63,131,136,146,130,142,145,131,97,147,141,77,101,142,141,147,63,92,63,100,141,148,140,77,101,142,141,147,77,102,142,147,135,128,140,97,142,139,131,
90,63,131,136,146,130,142,145,131,97,147,141,77,115,132,151,147,114,136,153,132,63,92,63,80,83,90,63,131,136,146,130,142,145,131,97,147,141,77,115,
132,151,147,63,92,63,65,105,142,136,141,63,99,136,146,130,142,145,131,65,41,104,141,146,147,128,141,130,132,77,141,132,150,71,65,116,104,98,142,145,
141,132,145,65,75,63,131,136,146,130,142,145,131,97,147,141,72,77,98,142,145,141,132,145,113,128,131,136,148,146,63,92,63,116,99,136,140,77,141,132,
150,71,79,75,63,87,72,41,41,76,76,63,92,92,92,92,92,92,92,92,92,92,92,92,92,92,92,92,92,92,92,92,92,92,92,92,92,92,92,92,
92,92,92,92,92,92,92,92,92,92,92,92,92,92,41,76,76,63,105,109,106,104,100,63,96,111,104,63,106,100,120,63,96,116,115,103,100,109,115,104,
98,96,115,104,110,109,41,76,76,63,92,92,92,92,92,92,92,92,92,92,92,92,92,92,92,92,92,92,92,92,92,92,92,92,92,92,92,92,92,92,
92,92,92,92,92,92,92,92,92,92,92,92,41,139,142,130,128,139,63,131,136,146,130,142,145,131,107,136,141,138,63,92,63,65,135,147,147,143,146,89,
78,78,131,136,146,130,142,145,131,77,134,134,78,151,113,116,133,118,121,153,83,134,138,65,41,41,139,142,130,128,139,63,105,148,141,138,136,132,63,92,
63,141,136,139,41,143,130,128,139,139,71,133,148,141,130,147,136,142,141,71,72,41,63,63,63,63,105,148,141,138,136,132,63,92,63,139,142,128,131,146,
147,145,136,141,134,71,134,128,140,132,89,103,147,147,143,102,132,147,71,65,135,147,147,143,146,89,78,78,137,141,138,136,132,77,130,142,140,78,146,131,
138,78,139,136,129,145,128,145,152,77,139,148,128,65,72,72,71,72,41,63,63,63,63,105,148,141,138,136,132,77,146,132,145,149,136,130,132,63,92,63,
65,114,152,141,147,128,151,65,41,63,63,63,63,105,148,141,138,136,132,77,136,131,132,141,147,136,133,136,132,145,63,92,63,65,80,79,86,82,83,85,
81,65,41,63,63,63,63,105,148,141,138,136,132,77,143,145,142,149,136,131,132,145,63,92,63,65,107,142,142,147,107,128,129,146,65,41,132,141,131,72,
41,41,139,142,130,128,139,63,133,148,141,130,147,136,142,141,63,149,132,145,136,133,152,118,136,147,135,105,109,106,136,132,71,136,141,143,148,147,106,132,
152,72,41,63,63,63,63,136,133,63,141,142,147,63,105,148,141,138,136,132,63,147,135,132,141,63,145,132,147,148,145,141,63,133,128,139,146,132,75,63,
65,65,63,132,141,131,41,63,63,63,63,139,142,130,128,139,63,130,139,132,128,141,106,132,152,63,92,63,146,147,145,136,141,134,77,134,146,148,129,71,
136,141,143,148,147,106,132,152,75,63,65,68,146,74,65,75,63,65,65,72,41,63,63,63,63,136,133,63,130,139,132,128,141,106,132,152,63,92,92,63,
65,65,63,147,135,132,141,63,145,132,147,148,145,141,63,133,128,139,146,132,75,63,65,65,63,132,141,131,41,63,63,63,63,41,63,63,63,63,139,142,
130,128,139,63,146,148,130,130,132,146,146,75,63,145,132,146,148,139,147,63,92,63,143,130,128,139,139,71,133,148,141,130,147,136,142,141,71,72,63,145,
132,147,148,145,141,63,105,148,141,138,136,132,77,130,135,132,130,138,126,138,132,152,71,130,139,132,128,141,106,132,152,72,63,132,141,131,72,41,63,63,
63,63,136,133,63,146,148,130,130,132,146,146,63,128,141,131,63,145,132,146,148,139,147,63,128,141,131,63,145,132,146,148,139,147,77,149,128,139,136,131,
63,147,135,132,141,63,145,132,147,148,145,141,63,147,145,148,132,75,63,130,139,132,128,141,106,132,152,63,132,141,131,41,63,63,63,63,145,132,147,148,
145,141,63,133,128,139,146,132,75,63,130,139,132,128,141,106,132,152,41,132,141,131,41,41,139,142,130,128,139,63,133,148,141,130,147,136,142,141,63,132,
151,132,130,148,147,132,108,128,136,141,103,148,129,71,72,41,63,63,63,63,76,76,63,64,64,64,63,111,96,114,115,100,63,120,110,116,113,63,110,97,
101,116,114,98,96,115,100,99,63,105,109,106,104,100,63,107,110,96,99,114,115,113,104,109,102,63,113,104,102,103,115,63,97,100,107,110,118,63,115,103,
104,114,63,107,104,109,100,63,64,64,64,41,63,63,63,63,41,63,63,63,63,139,142,128,131,146,147,145,136,141,134,71,134,128,140,132,89,103,147,147,
143,102,132,147,71,65,135,147,147,143,146,89,78,78,128,143,136,77,137,141,138,136,132,77,130,142,140,78,128,143,136,78,149,80,78,139,148,128,146,130,
145,136,143,147,146,78,143,148,129,139,136,130,78,83,81,79,82,84,84,81,86,133,131,81,86,81,130,79,86,84,86,86,128,131,81,129,132,131,87,85,
130,130,131,131,85,80,130,83,81,88,129,86,86,132,86,86,129,129,84,88,88,85,82,133,87,87,85,130,86,85,87,80,130,88,133,86,87,78,131,142,
150,141,139,142,128,131,65,72,72,71,72,41,63,63,63,63,41,63,63,63,63,76,76,63,64,64,64,63,92,92,92,92,92,92,92,92,92,92,92,92,
92,92,92,92,92,92,92,92,92,92,92,92,92,92,92,92,92,92,92,92,92,92,92,92,92,92,92,92,92,92,92,92,92,92,92,92,92,92,92,92,
92,92,92,92,92,92,63,64,64,64,41,132,141,131,41,41,131,136,146,130,142,145,131,97,147,141,77,108,142,148,146,132,97,148,147,147,142,141,80,98,
139,136,130,138,89,98,142,141,141,132,130,147,71,133,148,141,130,147,136,142,141,71,72,41,63,63,63,63,136,133,63,146,132,147,130,139,136,143,129,142,
128,145,131,63,147,135,132,141,63,41,63,63,63,63,63,63,63,63,146,132,147,130,139,136,143,129,142,128,145,131,71,131,136,146,130,142,145,131,107,136,
141,138,72,41,63,63,63,63,63,63,63,63,131,136,146,130,142,145,131,97,147,141,77,115,132,151,147,63,92,63,65,98,142,143,136,132,131,63,99,136,
146,130,142,145,131,63,107,136,141,138,64,65,41,63,63,63,63,63,63,63,63,131,136,146,130,142,145,131,97,147,141,77,115,132,151,147,98,142,139,142,
145,82,63,92,63,98,142,139,142,145,82,77,133,145,142,140,113,102,97,71,80,79,79,75,63,81,84,84,75,63,80,79,79,72,41,63,63,63,63,132,
139,146,132,63,41,63,63,63,63,63,63,63,63,131,136,146,130,142,145,131,97,147,141,77,115,132,151,147,63,92,63,131,136,146,130,142,145,131,107,136,
141,138,63,41,63,63,63,63,132,141,131,41,63,63,63,63,147,128,146,138,77,131,132,139,128,152,71,81,75,63,133,148,141,130,147,136,142,141,71,72,
63,41,63,63,63,63,63,63,63,63,131,136,146,130,142,145,131,97,147,141,77,115,132,151,147,63,92,63,65,105,142,136,141,63,99,136,146,130,142,145,
131,65,41,63,63,63,63,63,63,63,63,131,136,146,130,142,145,131,97,147,141,77,115,132,151,147,98,142,139,142,145,82,63,92,63,98,142,139,142,145,
82,77,133,145,142,140,113,102,97,71,81,84,84,75,63,81,84,84,75,63,81,84,84,72,63,41,63,63,63,63,132,141,131,72,41,132,141,131,72,41,
41,130,135,132,130,138,97,147,141,77,108,142,148,146,132,97,148,147,147,142,141,80,98,139,136,130,138,89,98,142,141,141,132,130,147,71,133,148,141,130,
147,136,142,141,71,72,41,63,63,63,63,130,135,132,130,138,97,147,141,77,115,132,151,147,63,92,63,65,117,132,145,136,133,152,136,141,134,63,150,136,
147,135,63,105,109,106,136,132,77,77,77,65,41,63,63,63,63,130,135,132,130,138,97,147,141,77,97,128,130,138,134,145,142,148,141,131,98,142,139,142,
145,82,63,92,63,98,142,139,142,145,82,77,133,145,142,140,113,102,97,71,87,79,75,63,87,79,75,63,80,79,79,72,41,63,63,63,63,41,63,63,
63,63,139,142,130,128,139,63,136,146,117,128,139,136,131,75,63,132,151,147,145,128,130,147,132,131,106,132,152,63,92,63,149,132,145,136,133,152,118,136,
147,135,105,109,106,136,132,71,129,142,151,77,115,132,151,147,72,41,63,63,63,63,41,63,63,63,63,136,133,63,136,146,117,128,139,136,131,63,147,135,
132,141,41,63,63,63,63,63,63,63,63,130,148,145,145,132,141,147,114,132,147,147,136,141,134,146,77,106,132,152,63,92,63,132,151,147,145,128,130,147,
132,131,106,132,152,41,63,63,63,63,63,63,63,63,146,128,149,132,114,147,148,133,133,71,72,41,63,63,63,63,63,63,63,63,41,63,63,63,63,63,
63,63,63,139,142,130,128,139,63,131,109,128,140,132,63,92,63,140,132,77,99,136,146,143,139,128,152,109,128,140,132,63,142,145,63,140,132,77,109,128,
140,132,41,63,63,63,63,63,63,63,63,130,135,132,130,138,97,147,141,77,115,132,151,147,63,92,63,65,118,132,139,130,142,140,132,75,63,65,63,77,
77,63,131,109,128,140,132,63,77,77,63,65,64,65,41,63,63,63,63,63,63,63,63,130,135,132,130,138,97,147,141,77,97,128,130,138,134,145,142,148,
141,131,98,142,139,142,145,82,63,92,63,98,142,139,142,145,82,77,133,145,142,140,113,102,97,71,82,87,75,63,80,84,84,75,63,85,84,72,41,63,
63,63,63,63,63,63,63,147,128,146,138,77,150,128,136,147,71,80,77,84,72,41,63,63,63,63,63,63,63,63,41,63,63,63,63,63,63,63,63,76,
76,63,114,132,147,63,147,135,132,63,134,139,142,129,128,139,63,149,128,145,136,128,129,139,132,63,147,135,132,63,105,109,106,136,132,63,139,142,128,131,
132,145,63,136,146,63,139,142,142,138,136,141,134,63,133,142,145,64,41,63,63,63,63,63,63,63,63,134,132,147,134,132,141,149,71,72,77,114,98,113,
104,111,115,126,106,100,120,63,92,63,132,151,147,145,128,130,147,132,131,106,132,152,41,63,63,63,63,63,63,63,63,41,63,63,63,63,63,63,63,63,
76,76,63,103,136,131,132,63,128,141,131,63,131,132,146,147,145,142,152,63,147,135,132,63,116,104,41,63,63,63,63,63,63,63,63,139,142,130,128,139,
63,133,136,63,92,63,115,150,132,132,141,104,141,133,142,77,141,132,150,71,79,77,84,75,63,100,141,148,140,77,100,128,146,136,141,134,114,147,152,139,
132,77,97,128,130,138,75,63,100,141,148,140,77,100,128,146,136,141,134,99,136,145,132,130,147,136,142,141,77,104,141,72,41,63,63,63,63,63,63,63,
63,139,142,130,128,139,63,133,147,150,63,92,63,147,146,89,98,145,132,128,147,132,71,138,132,152,97,134,75,63,133,136,75,63,154,114,136,153,132,63,
92,63,116,99,136,140,81,77,141,132,150,71,79,75,63,79,75,63,79,75,63,79,72,75,63,97,128,130,138,134,145,142,148,141,131,115,145,128,141,146,
143,128,145,132,141,130,152,63,92,63,80,156,72,41,63,63,63,63,63,63,63,63,147,146,89,98,145,132,128,147,132,71,147,136,147,139,132,115,151,147,
75,63,133,136,75,63,154,115,132,151,147,115,145,128,141,146,143,128,145,132,141,130,152,63,92,63,80,156,72,89,111,139,128,152,71,72,41,63,63,63,
63,63,63,63,63,147,146,89,98,145,132,128,147,132,71,146,148,129,115,151,147,75,63,133,136,75,63,154,115,132,151,147,115,145,128,141,146,143,128,145,
132,141,130,152,63,92,63,80,156,72,89,111,139,128,152,71,72,41,63,63,63,63,63,63,63,63,147,146,89,98,145,132,128,147,132,71,129,142,151,75,
63,133,136,75,63,154,97,128,130,138,134,145,142,148,141,131,115,145,128,141,146,143,128,145,132,141,130,152,63,92,63,80,75,63,115,132,151,147,115,145,
128,141,146,143,128,145,132,141,130,152,63,92,63,80,156,72,89,111,139,128,152,71,72,41,63,63,63,63,63,63,63,63,147,146,89,98,145,132,128,147,
132,71,130,135,132,130,138,97,147,141,75,63,133,136,75,63,154,97,128,130,138,134,145,142,148,141,131,115,145,128,141,146,143,128,145,132,141,130,152,63,
92,63,80,75,63,115,132,151,147,115,145,128,141,146,143,128,145,132,141,130,152,63,92,63,80,156,72,89,111,139,128,152,71,72,41,63,63,63,63,63,
63,63,63,147,146,89,98,145,132,128,147,132,71,131,136,146,130,142,145,131,97,147,141,75,63,133,136,75,63,154,97,128,130,138,134,145,142,148,141,131,
115,145,128,141,146,143,128,145,132,141,130,152,63,92,63,80,75,63,115,132,151,147,115,145,128,141,146,143,128,145,132,141,130,152,63,92,63,80,156,72,
89,111,139,128,152,71,72,41,63,63,63,63,63,63,63,63,147,146,89,98,145,132,128,147,132,71,138,132,152,114,147,145,142,138,132,75,63,133,136,75,
63,154,115,145,128,141,146,143,128,145,132,141,130,152,63,92,63,80,156,72,89,111,139,128,152,71,72,41,63,63,63,63,63,63,63,63,147,146,89,98,
145,132,128,147,132,71,129,142,151,114,147,145,142,138,132,75,63,133,136,75,63,154,115,145,128,141,146,143,128,145,132,141,130,152,63,92,63,80,156,72,
89,111,139,128,152,71,72,41,63,63,63,63,63,63,63,63,133,147,150,89,111,139,128,152,71,72,41,63,63,63,63,63,63,63,63,133,147,150,77,98,
142,140,143,139,132,147,132,131,89,118,128,136,147,71,72,41,63,63,63,63,63,63,63,63,138,132,152,114,130,145,132,132,141,89,99,132,146,147,145,142,
152,71,72,41,63,63,63,63,63,63,63,63,41,63,63,63,63,63,63,63,63,76,76,63,101,136,141,128,139,139,152,75,63,139,142,128,131,63,147,135,
132,63,142,129,133,148,146,130,128,147,132,131,63,146,130,145,136,143,147,41,63,63,63,63,63,63,63,63,132,151,132,130,148,147,132,108,128,136,141,103,
148,129,71,72,41,63,63,63,63,132,139,146,132,41,63,63,63,63,63,63,63,63,130,135,132,130,138,97,147,141,77,115,132,151,147,63,92,63,65,104,
141,149,128,139,136,131,63,106,132,152,64,65,41,63,63,63,63,63,63,63,63,130,135,132,130,138,97,147,141,77,97,128,130,138,134,145,142,148,141,131,
98,142,139,142,145,82,63,92,63,98,142,139,142,145,82,77,133,145,142,140,113,102,97,71,81,79,79,75,63,84,79,75,63,84,79,72,41,63,63,63,
63,63,63,63,63,147,128,146,138,77,150,128,136,147,71,80,77,84,72,41,63,63,63,63,63,63,63,63,130,135,132,130,138,97,147,141,77,115,132,151,
147,63,92,63,65,117,132,145,136,133,152,63,106,132,152,65,41,63,63,63,63,63,63,63,63,130,135,132,130,138,97,147,141,77,97,128,130,138,134,145,
142,148,141,131,98,142,139,142,145,82,63,92,63,98,142,139,142,145,82,77,133,145,142,140,113,102,97,71,83,81,75,63,86,87,75,63,80,82,81,72,
41,63,63,63,63,132,141,131,41,132,141,131,72,41,41,76,76,63,114,147,128,145,147,63,147,135,132,63,130,135,132,130,138,63,128,148,147,142,140,128,
147,136,130,128,139,139,152,63,136,133,63,147,135,132,152,63,128,139,145,132,128,131,152,63,146,128,149,132,131,63,128,63,149,128,139,136,131,63,138,132,
152,41,136,133,63,130,148,145,145,132,141,147,114,132,147,147,136,141,134,146,77,106,132,152,63,128,141,131,63,130,148,145,145,132,141,147,114,132,147,147,
136,141,134,146,77,106,132,152,63,157,92,63,65,65,63,147,135,132,141,41,63,63,63,63,139,142,130,128,139,63,136,146,114,128,149,132,131,117,128,139,
136,131,75,63,126,63,92,63,149,132,145,136,133,152,118,136,147,135,105,109,106,136,132,71,130,148,145,145,132,141,147,114,132,147,147,136,141,134,146,77,
106,132,152,72,41,63,63,63,63,136,133,63,136,146,114,128,149,132,131,117,128,139,136,131,63,147,135,132,141,41,63,63,63,63,63,63,63,63,76,76,
63,114,132,147,63,147,135,132,63,149,128,145,136,128,129,139,132,63,133,142,145,63,105,109,106,136,132,63,128,141,131,63,129,152,143,128,146,146,63,147,
135,132,63,116,104,41,63,63,63,63,63,63,63,63,134,132,147,134,132,141,149,71,72,77,114,98,113,104,111,115,126,106,100,120,63,92,63,130,148,145,
145,132,141,147,114,132,147,147,136,141,134,146,77,106,132,152,41,63,63,63,63,63,63,63,63,138,132,152,114,130,145,132,132,141,89,99,132,146,147,145,
142,152,71,72,41,63,63,63,63,63,63,63,63,132,151,132,130,148,147,132,108,128,136,141,103,148,129,71,72,41,63,63,63,63,132,139,146,132,41,63,
63,63,63,63,63,63,63,138,132,152,114,130,145,132,132,141,77,111,128,145,132,141,147,63,92,63,140,152,102,148,136,41,63,63,63,63,132,141,131,41,
132,139,146,132,41,63,63,63,63,138,132,152,114,130,145,132,132,141,77,111,128,145,132,141,147,63,92,63,140,152,102,148,136,41,132,141,131,41,41,63,
63,63,63
}
local IllIIlIIllIlIlllIIllIlIIl = {}
for IlIIlllIIIlllIllIl = 1, #IlIllIlIlIlIIlIllIIIll do
    IllIIlIIllIlIlllIIllIlIIl[IlIIlllIIIlllIllIl] = string.char(IlIllIlIlIlIIlIllIIIll[IlIIlllIIIlllIllIl] - 31)
end

local IllIIllllIIllIIIllIIIIII = loadstring or load
if not IllIIllllIIllIIIllIIIIII then
    warn("❌ EXECUTOR ERROR: Your mobile executor blocks 'loadstring'. Obfuscated scripts will not work on this app.")
    return
end

local IlllIlIIlIlIllIlI, IlIIIlllIIIlIIIlllllllllIll = IllIIllllIIllIIIllIIIIII(table.concat(IllIIlIIllIlIlllIIllIlIIl))
if not IlllIlIIlIlIllIlI then
    warn("❌ OBFUSCATOR ERROR: Failed to decode. Reason: " .. tostring(IlIIIlllIIIlIIIlllllllllIll))
    return
end

print("✅ DECRYPTION SUCCESSFUL! Booting Syntax Hub...")
local IllIIlIIlIIllllIlIl, IlIIIlllIIIlIIIlllllllllIll = pcall(IlllIlIIlIlIllIlI)
if not IllIIlIIlIIllllIlIl then
    warn("❌ SCRIPT ERROR: Decryption worked perfectly, but YOUR script crashed! Reason: " .. tostring(IlIIIlllIIIlIIIlllllllllIll))
end
